16.87
17.18
17.07
17.15
16.66
16.79
16.69
16.99
16.76
16.52
16.33
16.39
16.45
16
16.09
15.54
13.99
14.6
14.63
14.77
14.62
14.5
14.79
14.77
14.65
15.03
15.37
15.2
15.24
15.59
15.58
15.23
15.04
14.99
15.11
14.5
14.79
14.72
14.69
15.39
15.03
14.45
14.76
14.69
14.68
14.52
13.75
13.41
12.71
12.23
12.52
12.15
12.61
12.87
13.06
13.15
12.94
12.8
12.89
12.97
12.61
12.88
12.78
12.74
12.79
12.59
12.86
12.87
12.68
12.89
12.99
13.45
13.23
13.23
13.24
13.5
13.52
14.02
13.93
13.77
13.69
13.95
14
13.79
13.63
13.3
13.23
13.2
13.36
13.51
13.4
12.92
12.96
13.04
13
13.07
13
13.32
13.55
13.54
13.57
13.59
13.62
13.67
13.49
13.08
12.99
12.82
12.89
12.85
12.76
12.8
12.64
12.6
12.8
12.8
12.8
13.12
13.43
14.25
15.68
15.48
15.76
15.53
14.86
14.89
14.68
14.27
14.15
14.14
14.73
14.49
14.41
14.01
13.5
13.24
13.34
13.54
13.37
13.34
13.59
14.04
13.76
13.9
13.7
13.95
14.13
14.38
14.18
14.47
15.19
15.15
15.1
14.59
14.45
14.46
14.6
14.37
14.46
15.13
15.08
15.14
15.32
14.9
14.96
14.94
15.43
15.21
15.34
15.01
15.3
15.35
15.44
15.57
16.07
15.86
15.57
15.63
15.12
15.19
15.31
14.8
15.17
15.18
15.9
16.06
16.03
16.56
17.1
17.48
17.54
17.91
17.56
18.13
17.7
17.76
17.63
17.77
17.75
17.63
17.96
18.32
17.7
17.64
17.84
18.11
17.81
17.66
17.18
17.37
17.83
18.46
18.85
18.86
19.62
19.36
19.06
19.5
19.7
19.74
20.05
19.63
19.54
19.3
18.91
18.71
18.71
18.65
18.52
18.88
18.74
19.01
18.95
18.36
18.28
17.9
18
18.26
18.04
18.85
19.17
19.2
19.34
18.6
18.17
19.56
19.9
19.85
20.38
21
20.7
20.17
21
22.7
22.34
22.47
22.23
22.03
22.49
22.37
23.08
22.81
23.09
24.55
23.28
24.95
24.6
24.93
24.8
24.58
23.82
24.3
23.85
22.38
21.93
22.16
22.09
21.38
21.45
21.65
23.01
22.92
22.34
21.6
20.85
20.4
21.27
21.48
21.6
21.66
21.2
21.73
20.47
21.55
21.23
20.53
20.75
21.14
21.49
21.93
22.01
21.78
21.5
21.68
21.64
21.56
21.3
20.7
20.78
20.67
20.36
20.26
21.15
21.69
23.01
22.98
23.29
22.94
22.94
23.35
23.59
23.29
23.5
24.05
23.86
23.53
23.55
23.07
23.32
23.6
23.9
23.6
23.82
23.49
23.48
24.6
25.01
24.79
24.5
24.2
23.92
23.89
23.77
24.54
24.3
24.53
24.65
24.2
23.37
23.22
23.26
23.1
22.65
22.16
22.97
23.14
23.08
23.36
22.78
22.34
22.62
23.2
21.81
22.06
22.78
22.55
21.51
21.27
21.16
21.12
20.76
21.62
21.34
21.21
20.6
20.45
20.38
20.1
18.8
17.76
17.75
17.96
17.69
18.01
17.89
17.81
17.68
17.86
19.06
19.73
19.81
19.89
19.89
19.95
19.67
20.62
20.34
19.42
19.3
19.36
19.16
18.46
18.39
17.72
17.8
17.88
18.4
18.04
18.45
19.24
19.23
19
20.57
20.21
19.37
19.52
19.08
18.53
17.98
17.68
17.35
17.57
17.97
18.15
17.93
18.64
19.4
19.35
19.58
19.21
19.66
19.29
19.57
19.24
20
20.04
20.12
20.05
19.92
19.72
19.5
19.39
18.18
18.03
17.87
17.64
17.42
17.53
17.4
18.35
18.27
18.43
18.22
18.11
17.8
18.15
18.12
17.88
17.87
17.68
17.58
17.51
17.44
17.64
17.59
17.65
18.1
18.46
18.47
18.7
18.38
18.27
17.58
17.55
17.72
17.57
17.52
17.59
17.39
17.32
17.31
17.22
17.17
16.75
16.82
16.48
16.66
17.15
17.12
17.2
17.19
17.41
17
16.98
16.33
16.22
16.52
16.5
17.33
17.35
17.2
16.85
16.65
16.3
15.83
16.39
16.83
16.86
16.99
17.1
16.58
16.28
16.41
16.42
16.77
16.51
16.23
16.19
15.91
15.9
15.75
15.92
15.68
15.71
15.33
14.72
14.31
13.84
14.57
14.9
14.49
13.68
14.31
14.45
14.7
14.59
15.18
15
15.2
14.98
14.85
14.68
15.21
15.38
15.75
16.39
16.28
16.4
16.05
15.92
15.8
16.04
16.42
15.9
15.81
15.85
15.81
16.06
14.85
14.73
15.65
15.65
15.32
15.32
14.96
14.55
14.59
14.63
14.38
14.61
14.41
14.71
14.75
14.62
15.02
14.83
14.4
14.39
14.19
14.18
14.08
14.16
14.08
13.95
14.17
14.16
14.16
14.35
14.32
13.91
14.12
14.74
14.44
14.45
14.34
14.37
14.08
14.2
14.23
14.49
14.63
14.64
14.98
14.92
14.94
14.91
14.53
14.42
14.54
14.46
14.42
13.97
13.37
13.24
13.39
13.42
13.39
13.01
12.81
12.82
12.91
12.79
12.88
12.68
12.42
12.26
12.03
12.16
12.31
12.2
12.12
12.06
12.35
12.38
12.11
12.13
12.4
12.25
12.57
12.5
12.34
12.4
12.62
12.61
12.42
12.48
12.75
12.61
12.51
12.57
12.5
12.33
12.36
12.72
12.95
12.73
13
12.56
12.57
12.34
12.43
12.29
12.29
12
12.15
12.11
11.86
11.84
11.47
11.48
11.6
11.34
11.53
11.48
11.48
11.29
11.2
11.09
10.62
10.65
10.66
10.68
10.42
10.34
10.67
10.63
10.44
10.82
10.88
10.85
10.89
10.87
11.43
11.95
12.01
11.82
11.69
11.59
11.46
11.82
11.82
11.77
12.17
11.81
12.99
13.03
13.1
12.9
13.53
13.43
13.15
13.36
13.7
13.11
13.24
13.23
13.1
13.34
13.04
12.76
12.89
12.95
12.98
12.77
13.11
13.14
13.03
13.16
13.77
14.32
14.48
14.62
14.8
14.44
14.67
14.67
14.95
15.08
14.97
15.11
15.09
15.13
15.15
14.99
14.7
14.6
14.32
14
14.21
14.04
14.13
13.98
13.82
13.96
13.67
13.6
13.43
14.15
14.1
14.02
14.05
13.86
13.69
13.78
14.17
14.24
14.29
13.85
13.69
13.53
13.2
13.14
13.05
12.87
13.05
12.82
12.75
12.57
12.7
12.79
12.9
12.82
12.6
12.64
12.53
12.68
12.53
12.67
12.65
12.58
12.62
12.68
12.54
12.48
12.56
12.69
12.93
13
12.85
12.75
12.5
12.1
12.28
12.12
12.26
12.55
12.73
12.91
13.32
13.16
12.84
12.85
12.62
12.83
12.62
12.49
12.49
12.34
12.38
12.21
12.01
11.93
12.1
11.98
11.87
11.6
11.59
11.93
11.91
11.84
11.94
12.12
11.88
11.79
11.77
11.47
11.61
11.63
11.45
11.36
11.35
11.18
11.28
11.3
11.18
11.23
11.49
11.4
11.34
11.24
11.2
11.2
11.21
11.24
11.43
11.46
11.31
11.25
11.31
11.32
11.34
11.26
11.72
11.67
11.75
12.26
12.32
12.16
12.03
12.33
12.3
12.16
12.1
12.17
12.16
11.89
11.67
11.73
11.73
11.57
11.56
11.32
11.37
11.25
11.13
11.23
11.52
11.31
11.13
11.13
11.32
11.56
11.39
11.43
11.33
11.27
11.34
11.28
11.25
11.29
11.22
11.23
11.21
11.15
11.05
11.24
11.22
11.16
11.17
11.2
11.11
11.02
10.98
11.11
11
11.01
11.02
10.95
10.6
10.6
10.5
10.55
10.38
10.41
10.45
10.45
10.46
10.48
10.48
10.48
10.69
10.6
10.5
10.49
10.3
10.25
10.27
10.37
10.24
10.15
10.19
10.28
10.16
10.15
10.1
10.01
9.95
9.72
9.68
9.66
9.63
9.48
9.5
9.44
9.3
9.35
9.42
9.16
9.15
9.21
9.13
9.1
9.03
9.17
9.2
9.19
9.1
9.12
9.45
9.39
9.21
9.2
9.11
9.27
9.15
9.18
9.09
9.17
9.19
9.21
9.34
9.23
9.2
9.17
9.1
9.16
9.33
9.5
9.62
9.7
9.5
9.46
9.41
9.27
9.38
9.68
9.61
9.67
9.81
9.82
10.8
10.9
10.85
10.53
10.5
10.49
10.59
10.49
10.33
10.43
10.33
10.38
10.38
10.47
10.56
10.33
10.23
10.6
10.54
10.4
10.45
10.47
10.36
10.4
10.6
10.53
10.49
10.52
10.64
10.55
10.46
10.43
10.4
10.28
10.25
10.06
10.29
10.28
10.62
10.8
10.69
10.5
10.54
10.53
10.61
10.6
10.81
10.79
10.89
10.88
10.73
10.76
10.94
10.97
10.91
10.83
11.17
11.42
11.38
11.55
11.56
11.4
11.31
11.51
11.4
11.26
11.12
11.11
10.98
11.02
10.87
10.9
10.99
10.87
10.88
10.8
10.18
10.1
10.08
10.15
10.05
10
9.98
10.08
10.08
10.13
10.15
10.35
10.4
10.31
10.26
9.97
9.93
10.07
10.14
10.13
10.31
10.33
10.3
10.4
10.41
10.37
10.23
10.18
10.13
10.09
10.03
10.11
10.08
10.27
10.27
10.14
10.05
9.93
9.93
9.94
10.04
