1 1.34045
2 1.33013
3 1.34182
4 1.34199
5 1.32329
6 1.31442
7 1.3228
8 1.30146
9 1.3037
10 1.29972
11 1.31204
12 1.30195
13 1.28773
14 1.2991
15 1.29738
16 1.31023
17 1.30315
18 1.28933
19 1.28437
20 1.29169
21 1.29326
22 1.29007
23 1.27847
24 1.29999
25 1.32945
26 1.31805
27 1.31504
28 1.30785
29 1.31917
30 1.3136
31 1.32626
32 1.3262
33 1.31157
34 1.32765
35 1.34053
36 1.34186
37 1.3292
38 1.32999
39 1.32945
40 1.3496
41 1.34093
42 1.34295
43 1.32024
44 1.339
45 1.3403
46 1.34039
47 1.33387
48 1.35192
49 1.33012
50 1.35622
51 1.36191
52 1.36319
53 1.37248
54 1.36858
55 1.36145
56 1.3696
57 1.38403
58 1.36737
59 1.36314
60 1.36285
61 1.34847
62 1.34284
63 1.34804
64 1.33561
65 1.3416
66 1.34172
67 1.34098
68 1.3526
69 1.33979
70 1.35668
71 1.35499
72 1.35908
73 1.35432
74 1.32707
75 1.3313
76 1.32685
77 1.3197
78 1.30731
79 1.31402
80 1.30755
81 1.30787
82 1.30144
83 1.31997
84 1.30596
85 1.29962
86 1.29615
87 1.28008
88 1.29436
89 1.2864
90 1.27528
91 1.27924
92 1.27062
93 1.26147
94 1.24952
95 1.25571
96 1.26234
97 1.26355
98 1.26121
99 1.24153
100 1.23859
101 1.24873
102 1.24418
103 1.27042
104 1.2785
105 1.26454
106 1.24811
107 1.24978
108 1.25799
109 1.25454
110 1.26573
111 1.2906
112 1.28239
113 1.29051
114 1.2861
115 1.30342
116 1.30625
117 1.28817
118 1.28037
119 1.29144
120 1.29843
121 1.28216
122 1.28654
123 1.28609
124 1.30011
125 1.30212
126 1.29699
127 1.29767
128 1.31303
129 1.30451
130 1.32172
131 1.3188
132 1.3062
133 1.30835
134 1.29686
135 1.28924
136 1.29536
137 1.29517
138 1.27943
139 1.27961
140 1.27658
141 1.27637
142 1.2849
143 1.2862
144 1.27826
145 1.29213
146 1.2938
147 1.29853
148 1.30208
149 1.29121
150 1.29035
151 1.29159
152 1.29064
153 1.27095
154 1.25127
155 1.25935
156 1.27922
157 1.28184
158 1.28623
159 1.28891
160 1.28291
161 1.2961
162 1.28893
163 1.29854
164 1.29478
165 1.30553
166 1.3155
167 1.31223
168 1.31045
169 1.31329
170 1.29295
171 1.31216
172 1.31026
173 1.29733
174 1.29983
175 1.28395
176 1.28716
177 1.28092
178 1.28493
179 1.29127
180 1.29489
181 1.2901
182 1.28617
183 1.27761
184 1.28398
185 1.29352
186 1.28081
187 1.28418
188 1.27153
189 1.27893
190 1.29012
191 1.25694
192 1.25463
193 1.26005
194 1.27497
195 1.25112
196 1.25942
197 1.24741
198 1.24978
199 1.2549
200 1.25727
201 1.24192
202 1.23646
203 1.23939
204 1.22779
205 1.22579
206 1.21568
207 1.21708
208 1.23002
209 1.21223
210 1.21854
211 1.2191
212 1.21814
213 1.22608
214 1.22257
215 1.22761
216 1.20945
217 1.20243
218 1.2195
219 1.21936
220 1.19678
221 1.21288
222 1.20411
223 1.20793
224 1.20556
225 1.1918
226 1.18186
227 1.18687
228 1.18718
229 1.20338
230 1.21598
231 1.23181
232 1.22976
233 1.2176
234 1.20279
235 1.20599
236 1.19255
237 1.17935
238 1.15438
239 1.14357
240 1.15774
241 1.15238
242 1.14774
243 1.16802
244 1.16629
245 1.15652
246 1.17465
247 1.15814
248 1.15969
249 1.15993
250 1.14654
251 1.13032
252 1.13018
253 1.0827
254 1.10295
255 1.09043
256 1.09543
257 1.07731
258 1.03008
259 1.04406
260 1.08516
261 1.10849
262 1.1337
263 1.14528
264 1.13973
265 1.13772
266 1.13001
267 1.13428
268 1.14317
269 1.14575
270 1.14025
271 1.16846
272 1.18426
273 1.18441
274 1.15727
275 1.13335
276 1.1192
277 1.10904
278 1.20663
279 1.20944
280 1.21468
281 1.20574
282 1.20349
283 1.20402
284 1.20406
285 1.20652
286 1.20827
287 1.2064
288 1.21546
289 1.22175
290 1.22217
291 1.2213
292 1.21941
293 1.21749
294 1.21797
295 1.21866
296 1.21536
297 1.21342
298 1.22304
299 1.23174
300 1.237
301 1.23986
302 1.23297
303 1.23887
304 1.23376
305 1.23682
306 1.23617
307 1.23469
308 1.23496
309 1.24199
310 1.23157
311 1.22563
312 1.22679
313 1.22112
314 1.2245
315 1.22008
316 1.22097
317 1.21473
318 1.21466
319 1.21506
320 1.21269
321 1.22068
322 1.23939
323 1.23814
324 1.2316
325 1.23279
326 1.23906
327 1.23615
328 1.23827
329 1.23814
330 1.24092
331 1.23932
332 1.23777
333 1.23518
334 1.22682
335 1.22641
336 1.23209
337 1.2287
338 1.22608
339 1.22698
340 1.23159
341 1.23432
342 1.23289
343 1.24209
344 1.23908
345 1.23556
346 1.23594
347 1.23572
348 1.23321
349 1.2368
350 1.2235
351 1.22008
352 1.21754
353 1.21915
354 1.22082
355 1.22148
356 1.22213
357 1.22185
358 1.22074
359 1.21867
360 1.21824
361 1.21377
362 1.21533
363 1.21598
364 1.21784
365 1.21812
366 1.21476
367 1.21258
368 1.21225
369 1.21206
370 1.21068
371 1.20647
372 1.20815
373 1.20884
374 1.20737
375 1.20806
376 1.20785
377 1.20751
378 1.20881
379 1.20847
380 1.20548
381 1.20489
382 1.20588
383 1.20318
384 1.20414
385 1.20558
386 1.20784
387 1.20619
388 1.20817
389 1.21018
390 1.21159
391 1.20842
392 1.20857
393 1.20686
394 1.20618
395 1.20711
396 1.20867
397 1.20625
398 1.20731
399 1.2053
400 1.20491
401 1.20449
402 1.20537
403 1.20521
404 1.20476
405 1.20616
406 1.20621
407 1.20512
408 1.20499
409 1.20481
410 1.2051
411 1.20554
412 1.20472
413 1.20728
414 1.2117
415 1.20747
416 1.20542
417 1.20598
418 1.20576
419 1.20503
420 1.21059
421 1.20492
422 1.20605
423 1.20528
424 1.2051
425 1.20453
426 1.20327
427 1.20164
428 1.20386
429 1.20335
430 1.2018
431 1.20081
432 0
433 1.20093
434 1.20331
435 1.20106
436 1.20178
437 1.20185
438 1.20094
439 1.20161
440 1.20185
441 1.20001
442 1.20209
443 1.20065
444 1.20161
445 1.20138
446 1.20081
447 1.20087
448 1.20192
449 1.20096
450 1.20078
451 1.20111
452 1.20097
453 1.20102
454 1.2011
455 1.20028
456 1.20109
457 1.20142
458 1.20063
459 1.2003
460 1.20085
461 1.20113
462 1.20067
463 1.20131
464 1.2007
465 1.20124
466 0
467 0
468 0
469 0
470 0
471 1.20088
472 1.20067
473 1.20143
474 1.20044
475 1.20093
476 1.20163
477 1.20105
478 1.20115
479 1.20093
480 1.20111
481 1.2008
482 1.20129
483 1.20127
484 1.20053
485 1.20065
486 1.20034
487 1.20144
488 1.20048
489 1.20076
490 1.20036
491 1.20036
492 1.20102
493 1.2011
494 1.2018
495 1.20103
496 1.20012
497 1.20049
498 1.20077
499 1.20043
500 1.20055
501 1.2004
502 1.20072
503 1.201
504 1.20071
505 1.20091
506 1.20067
507 1.20067
508 1.20071
509 1.20078
510 1.20081
511 1.20112
512 1.20087
513 1.2009
514 1.20133
515 1.2008
516 1.20097
517 1.20102
518 1.20115
519 1.20097
520 1.20065
521 1.20029
522 1.20089
523 1.20105
524 1.20091
525 1.20091
526 1.20101
527 1.20097
528 1.20074
529 1.20077
530 1.20065
531 1.20078
532 1.20087
533 1.20077
534 1.20078
535 1.20033
536 1.20092
537 1.20068
538 1.20081
539 1.20412
540 1.20478
541 1.20996
542 1.2071
543 1.20684
544 1.20877
545 1.21449
546 1.21539
547 1.21608
548 1.21117
549 1.21024
550 1.20976
551 1.21085
552 1.20941
553 1.20934
554 1.20882
555 1.21014
556 1.20843
557 1.20922
558 1.20914
559 1.21054
560 1.21075
561 1.21142
562 1.20976
563 1.21083
564 1.20848
565 1.20816
566 1.20905
567 1.2079
568 1.20819
569 1.20969
570 1.20812
571 1.20788
572 1.21016
573 1.21089
574 1.20942
575 1.20929
576 1.20906
577 1.20827
578 1.2083
579 1.20681
580 1.20573
581 1.20647
582 1.20696
583 1.20823
584 1.20635
585 1.20552
586 1.20567
587 1.20494
588 1.20351
589 1.20336
590 1.20391
591 1.20438
592 1.20423
593 1.20464
594 1.20433
595 1.20437
596 1.20389
597 1.20313
598 1.20392
599 1.20346
600 1.20356
601 1.20516
602 1.208
603 1.21316
604 1.21086
605 1.20943
606 1.20801
607 1.20788
608 1.21249
609 1.21067
610 1.20801
611 1.20818
612 1.20778
613 1.20748
614 1.20809
615 1.20693
616 1.20787
617 1.20719
618 1.20758
619 1.20733
620 1.20858
621 1.20685
622 1.20786
623 1.2087
624 1.20995
625 1.20914
626 1.2083
627 1.20823
628 1.20848
629 1.20855
630 1.21271
631 1.21821
632 1.2337
633 1.23908
634 1.23673
635 1.24736
636 1.24398
637 1.24121
638 1.23711
639 1.23755
640 1.24224
641 1.24706
642 1.24623
643 1.24293
644 1.23559
645 1.23591
646 1.23865
647 1.22712
648 1.2332
649 1.22991
650 1.23015
651 1.2257
652 1.23162
653 1.23377
654 1.23358
655 1.23066
656 1.23123
657 1.23251
658 1.23482
659 1.23163
660 1.22779
661 1.22577
662 1.21784
663 1.21708
664 1.22142
665 1.22316
666 1.22827
667 1.2253
668 1.22759
669 1.23085
670 1.23518
671 1.23701
672 1.23478
673 1.23417
674 1.23428
675 1.23122
676 1.22715
677 1.22577
678 1.21879
679 1.22181
680 1.22079
681 1.22165
682 1.21898
683 1.2191
684 1.21873
685 1.2171
686 1.21748
687 1.21594
688 1.21626
689 1.21408
690 1.21542
691 1.21544
692 1.21685
693 1.21977
694 1.21882
695 1.21967
696 1.2153
697 1.21414
698 1.21505
699 1.21533
700 1.21727
701 1.21818
702 1.22031
703 1.22898
704 1.23217
705 1.22915
706 1.22763
707 1.22691
708 1.22342
709 1.22201
710 1.22111
711 1.22638
712 1.22651
713 1.22954
714 1.23031
715 1.23661
716 1.24307
717 1.24223
718 1.24914
719 1.24382
720 1.24199
721 1.24834
722 1.24546
723 1.25201
724 1.25815
725 1.2525
726 1.24267
727 0
728 0
729 0
730 0
731 1.2405
732 1.2382
733 1.23853
734 1.23323
735 1.23076
736 1.23649
737 1.23735
738 1.23073
739 1.2277
740 1.23249
741 1.22813
742 1.23247
743 1.23221
744 1.23363
745 1.2257
746 1.22556
747 1.22415
748 1.22679
749 1.22668
750 1.2319
751 1.22904
752 1.23481
753 1.23352
754 1.23175
755 1.23461
756 1.23614
757 1.23938
758 1.2435
759 1.24264
760 1.23927
761 1.23556
762 1.23837
763 1.23621
764 1.23497
765 1.23797
766 1.23649
767 1.23398
768 1.23592
769 1.23752
770 1.23435
771 1.23268
772 1.23452
773 1.23284
774 1.23145
775 0
776 0
777 1.23044
778 1.23191
779 1.22911
780 1.23083
781 1.22991
782 1.23093
783 1.23683
784 1.23948
785 1.23589
786 1.235
787 1.2319
788 1.23048
789 1.23178
790 1.23313
791 1.23261
792 1.23311
793 1.22879
794 1.22937
795 1.23234
796 1.23014
797 1.23268
798 1.23322
799 1.23565
800 1.23961
801 1.23534
802 1.2355
803 1.23989
804 1.23798
805 1.23703
806 1.23554
807 1.23665
808 1.23663
809 1.23331
810 1.23168
811 1.23104
812 1.2289
813 1.22964
814 1.22992
815 1.22736
816 1.22491
817 1.22311
818 1.22451
819 1.22569
820 1.22462
821 1.22939
822 1.22618
823 1.22691
824 1.2305
825 1.23217
826 1.23503
827 1.23428
828 1.23419
829 1.23551
830 1.2338
831 1.23398
832 1.23375
833 1.23294
834 1.22901
835 1.23124
836 1.23178
837 1.23467
838 1.23526
839 1.23468
840 1.23139
841 1.23033
842 1.22942
843 1.23022
844 1.23271
845 1.22892
846 1.23202
847 1.2326
848 1.23233
849 1.2316
850 1.23294
851 1.23357
852 1.23268
853 1.23272
854 1.23103
855 1.23173
856 1.2288
857 1.23212
858 1.23035
859 1.2322
860 1.23175
861 1.23139
862 1.23002
863 1.22894
864 1.22605
865 1.22529
866 1.2213
867 1.22254
868 1.22083
869 1.2214
870 1.22275
871 1.22192
872 1.22109
873 1.21788
874 1.22219
875 1.22658
876 1.22437
877 1.22429
878 1.22509
879 1.22721
880 1.2252
881 1.22457
882 1.22657
883 1.22741
884 1.22927
885 1.22994
886 1.23147
887 1.23742
888 1.23655
889 1.23343
890 1.23386
891 1.2293
892 1.23421
893 1.23597
894 1.23202
895 1.23267
896 1.23292
897 1.23423
898 1.23449
899 1.22886
900 1.22349
901 1.22652
902 1.22671
903 1.22175
904 1.22402
905 1.22237
906 1.21914
907 1.22167
908 1.22271
909 1.22392
910 1.22311
911 1.22311
912 1.22474
913 1.22387
914 1.22272
915 1.22122
916 1.2218
917 1.22167
918 1.22017
919 1.21998
920 1.21896
921 1.22068
922 1.21869
923 1.21887
924 1.21782
925 1.21364
926 1.21278
927 1.21897
928 1.21858
929 1.21983
930 1.21732
931 1.21776
932 1.21689
933 1.21505
934 1.21253
935 1.21325
936 1.21543
937 1.2164
938 1.21777
939 1.21715
940 1.21737
941 1.21866
942 1.22002
943 1.21961
944 1.21819
945 1.21929
946 1.21785
947 1.21834
948 1.22054
949 1.222
950 1.22255
951 1.21984
952 1.21856
953 1.2186
954 1.21678
955 1.21624
956 1.2157
957 1.21587
958 1.21826
959 1.21973
960 1.21984
961 1.21954
962 1.22163
963 1.22028
964 1.21934
965 1.21924
966 1.21903
967 1.22006
968 1.22085
969 1.21924
970 1.21793
971 1.21772
972 1.21745
973 1.21838
974 1.21788
975 1.21919
976 1.22121
977 1.21907
978 1.22005
979 1.2216
980 1.22205
981 1.22266
982 1.2219
983 1.2223
984 1.22089
985 1.22052
986 1.22063
987 1.22251
988 1.22106
989 1.22105
990 1.2202
991 1.22187
992 1.22139
993 1.22001
994 1.21756
995 1.21869
996 1.21871
997 1.21806
998 1.2177
999 1.21742
1000 1.21851
1001 1.21768
1002 1.21828
1003 1.21757
1004 1.21638
1005 1.21697
1006 1.21625
1007 1.21597
1008 1.21639
1009 1.21619
1010 1.21545
1011 1.2143
1012 1.21401
1013 1.21406
1014 1.21565
1015 1.21558
1016 1.21538
1017 1.21537
1018 1.21528
1019 1.21433
1020 1.21392
1021 1.21454
1022 1.21529
1023 1.21495
1024 1.21382
1025 1.21509
1026 1.21437
1027 1.21481
1028 1.2145
1029 1.2149
1030 1.21438
1031 1.21475
1032 1.21597
1033 1.21729
1034 1.21679
1035 1.21573
1036 1.2167
1037 1.21592
1038 1.21451
1039 1.21438
1040 1.21396
1041 1.21317
1042 1.21306
1043 1.21269
1044 1.21127
1045 1.20926
1046 1.21122
1047 1.21115
1048 1.21104
1049 1.21043
1050 1.21001
1051 1.20756
1052 1.20803
1053 1.20663
1054 1.20606
1055 1.20588
1056 1.2073
1057 1.20692
1058 1.20664
1059 1.20619
1060 1.20581
1061 1.2062
1062 1.20684
1063 1.20981
1064 1.20931
1065 1.20955
1066 1.21002
1067 1.20859
1068 1.21078
1069 1.20638
1070 1.20717
1071 1.20761
1072 1.20726
1073 1.20825
1074 1.20704
1075 1.20663
1076 1.20672
1077 1.20591
1078 1.20673
1079 1.2084
1080 1.21035
1081 1.21213
1082 1.21214
1083 1.21199
1084 1.21136
1085 1.20805
1086 1.20882
1087 1.20666
1088 1.20706
1089 1.20712
1090 1.20732
1091 1.20675
1092 1.20684
1093 1.20608
1094 1.20668
1095 1.20618
1096 1.20564
1097 1.20607
1098 1.2062
1099 1.20552
1100 1.20534
1101 1.20523
1102 1.20454
1103 1.20339
1104 1.20456
1105 1.20332
1106 1.20248
1107 1.20325
1108 1.20215
1109 1.20187
1110 1.20102
1111 1.2014
1112 1.2012
1113 1.20127
1114 1.20162
1115 1.20144
1116 1.2023
1117 1.20263
1118 1.20167
1119 1.20182
1120 1.20112
1121 1.20265
1122 1.20385
1123 1.2034
1124 1.20227
1125 1.20186
1126 1.20209
1127 1.20183
1128 1.20284
1129 1.20095
1130 1.20091
1131 1.2007
1132 1.20067
1133 1.20064
1134 1.20371
1135 1.20299
1136 1.20331
1137 1.20237
1138 1.20224
1139 1.20159
1140 1.2025
1141 1.203
1142 1.20225
1143 1.20288
1144 1.2021
1145 1.20174
1146 1.20149
1147 1.20098
1148 1.20083
1149 1.20098
1150 1.20091
1151 1.2009
1152 1.20079
1153 1.20081
1154 1.02799
1155 0.997885
1156 1.02046
1157 1.01031
1158 0.995877
1159 0.99109
1160 0.985359
1161 1.01608
1162 1.02469
1163 1.02622
1164 1.04139
1165 1.03951
1166 1.04843
1167 1.05697
1168 1.05731
1169 1.05765
1170 1.04911
1171 1.04808
1172 1.04798
1173 1.04709
1174 1.0545
1175 1.06096
1176 1.05722
1177 1.06913
1178 1.07382
1179 1.07894
1180 1.07118
1181 1.07688
1182 1.07794
1183 1.07691
1184 1.06754
1185 1.06642
1186 1.07301
1187 1.07406
1188 1.06643
1189 1.07407
1190 1.06873
1191 1.0699
1192 1.06936
1193 1.06461
1194 1.06573
1195 1.05403
1196 1.06493
1197 1.06557
1198 1.06374
1199 1.05513
1200 1.05536
1201 1.0573
1202 1.04626
1203 1.05285
1204 1.04815
1205 1.0468
1206 1.04743
1207 1.04425
1208 1.04019
1209 1.04384
1210 1.04431
1211 1.04713
1212 1.04511
1213 1.0418
1214 1.0415
1215 1.03807
1216 1.03332
1217 1.03611
1218 1.03068
1219 1.02886
1220 1.02796
1221 1.02685
1222 1.02488
1223 1.04161
1224 1.03334
1225 1.03635
1226 1.03968
1227 1.04924
1228 1.04529
1229 1.04709
1230 1.04427
1231 1.04048
1232 1.03584
1233 1.03927
1234 1.03827
1235 1.04462
1236 1.0419
1237 1.04182
1238 1.04052
1239 1.04075
1240 1.04784
1241 1.0474
1242 1.04416
1243 1.03929
1244 1.04066
1245 1.03838
1246 1.03719
1247 1.03635
1248 1.03532
1249 1.03329
1250 1.03251
1251 1.0331
1252 1.04028
1253 1.05235
1254 1.04875
1255 1.04394
1256 1.04691
1257 1.04985
1258 1.05464
1259 1.05127
1260 1.04547
1261 1.0486
1262 1.04861
1263 1.04477
1264 1.0474
1265 1.04088
1266 1.04507
1267 1.04307
1268 1.04614
1269 1.04901
1270 1.04212
1271 1.04042
1272 1.04118
1273 1.04762
1274 1.04598
1275 1.04359
1276 1.04225
1277 1.04121
1278 1.04689
1279 1.04568
1280 1.04522
1281 1.0452
1282 1.04035
1283 1.04234
1284 1.04138
1285 1.04153
1286 1.04396
1287 1.04793
1288 1.04869
1289 1.05453
1290 1.05644
1291 1.06738
1292 1.06413
1293 1.06317
1294 1.05932
1295 1.05996
1296 1.06144
1297 1.06481
1298 1.06761
1299 1.07155
1300 1.07834
1301 1.08385
1302 1.09119
1303 1.08802
1304 1.08832
1305 1.08432
1306 1.08379
1307 1.07764
1308 1.07375
1309 1.07735
1310 1.07807
1311 1.08089
1312 1.08135
1313 1.07991
1314 1.08612
1315 1.07697
1316 1.08442
1317 1.08514
1318 1.08772
1319 1.08203
1320 1.08388
1321 1.08863
1322 1.09668
1323 1.09319
1324 1.09664
1325 1.09762
1326 1.09494
1327 1.09776
1328 1.09656
1329 1.09742
1330 1.09284
1331 1.08761
1332 1.08494
1333 1.0954
1334 1.09507
1335 1.09585
1336 1.09476
1337 1.09278
1338 1.08824
1339 1.09311
1340 1.08972
1341 1.0914
1342 1.08979
1343 1.09373
1344 1.08908
1345 1.0923
1346 1.09346
1347 1.08996
1348 1.08898
1349 1.08087
1350 1.08232
1351 1.08261
1352 1.08479
1353 1.08764
1354 1.08109
1355 1.0782
1356 1.08758
1357 1.08954
1358 1.08599
1359 1.08598
1360 1.08594
1361 1.08686
1362 1.08541
1363 1.07914
1364 1.08291
1365 1.08077
1366 1.07905
1367 1.07795
1368 1.07895
1369 1.0821
1370 1.08265
1371 1.07886
1372 1.07982
1373 1.08597
1374 1.08722
1375 1.08482
1376 1.08268
1377 1.08131
1378 1.08505
1379 1.08574
1380 1.09076
1381 1.08692
1382 1.0919
1383 1.08199
1384 1.08719
1385 1.08352
1386 1.08483
1387 1.08062
1388 1.08381
1389 1.0813
1390 1.08018
1391 1.08353
1392 1.08338
1393 1.08079
1394 1.07797
1395 1.0783
1396 1.08292
1397 1.08128
1398 1.081
1399 1.08128
1400 1.08325
1401 1.08349
1402 1.08408
1403 1.0781
1404 1.08881
1405 1.08601
1406 1.08582
1407 1.08457
1408 1.08597
1409 1.08527
1410 1.086
1411 1.0868
1412 1.08798
1413 1.09377
1414 1.09182
1415 1.09349
1416 1.09514
1417 1.09442
1418 1.09381
1419 1.09534
1420 1.09668
1421 1.09961
1422 1.10416
1423 1.10575
1424 1.10907
1425 1.1092
1426 1.11019
1427 1.11243
1428 1.1158
1429 1.11269
1430 1.10587
1431 1.10401
1432 1.09684
1433 1.09787
1434 1.10094
1435 1.09891
1436 1.10151
1437 1.10121
1438 1.1046
1439 1.10233
1440 1.10178
1441 1.10115
1442 1.09278
1443 1.08844
1444 1.09166
1445 1.08954
1446 1.08633
1447 1.0834
1448 1.0829
1449 1.08631
1450 1.09332
1451 1.09601
1452 1.09596
1453 1.09731
1454 1.10091
1455 1.09574
1456 1.09594
1457 1.09635
1458 1.09598
1459 1.09448
1460 1.09284
1461 1.08999
1462 1.09087
1463 1.09025
1464 1.09032
1465 1.09132
1466 1.09038
1467 1.09124
1468 1.09378
1469 1.09441
1470 1.09147
1471 1.09246
1472 1.08833
1473 1.08953
1474 1.08731
1475 1.08678
1476 1.08834
1477 1.0875
1478 1.09
1479 1.08918
1480 1.09163
1481 1.09145
1482 1.09261
1483 1.0982
1484 1.10037
1485 1.09829
1486 1.0986
1487 1.09968
1488 1.0994
1489 1.0972
1490 1.09784
1491 1.10069
1492 1.09798
1493 1.09965
1494 1.10368
1495 1.10907
1496 1.10518
1497 1.1097
1498 1.10958
1499 1.10422
1500 1.10235
1501 1.10658
1502 1.10948
1503 1.10789
1504 1.10989
1505 1.11169
1506 1.1099
1507 1.10609
1508 1.10547
1509 1.10731
1510 1.1051
1511 1.10511
1512 1.10609
1513 1.10498
1514 1.10457
1515 1.10905
1516 1.10228
1517 1.09655
1518 1.09259
1519 1.09133
1520 1.08508
1521 1.08857
1522 1.07955
1523 1.08247
1524 1.08296
1525 1.08256
1526 1.08785
1527 1.08255
1528 1.08341
1529 1.09116
1530 1.08115
1531 1.07853
1532 1.08619
1533 1.08932
1534 1.08285
1535 1.08399
1536 1.08227
1537 1.08192
1538 1.08226
1539 1.08286
1540 1.08653
1541 1.08688
1542 1.09446
1543 1.09281
1544 1.09013
1545 1.08481
1546 1.08781
1547 1.086
1548 1.08728
1549 1.08693
1550 1.0831
1551 1.08381
1552 1.09006
1553 1.09064
1554 1.08653
1555 1.08286
1556 1.08085
1557 1.08233
1558 1.08502
1559 1.08395
1560 1.08743
1561 1.08904
1562 1.09092
1563 1.09092
1564 1.08619
1565 1.08815
1566 1.08766
1567 1.08486
1568 1.08587
1569 1.0834
1570 1.08714
1571 1.08916
1572 1.08854
1573 1.08924
1574 1.09198
1575 1.095
1576 1.09456
1577 1.09633
1578 1.09742
1579 1.09746
1580 1.09356
1581 1.09244
1582 1.09136
1583 1.09009
1584 1.09503
1585 1.09557
1586 1.09216
1587 1.09575
1588 1.09494
1589 1.09257
1590 1.09368
1591 1.09527
1592 1.09205
1593 1.08991
1594 1.08608
1595 1.08886
1596 1.09049
1597 1.08888
1598 1.08938
1599 1.08436
1600 1.09142
1601 1.09155
1602 1.09719
1603 1.09171
1604 1.09383
1605 1.09493
1606 1.09432
1607 1.09296
1608 1.09056
1609 1.09037
1610 1.08676
1611 1.0876
1612 1.0869
1613 1.08557
1614 1.08487
1615 1.08113
1616 1.08086
1617 1.08268
1618 1.0839
1619 1.08286
1620 1.08456
1621 1.08628
1622 1.07811
1623 1.07995
1624 1.08178
1625 1.07942
1626 1.07573
1627 1.07721
1628 1.07455
1629 1.07518
1630 1.07199
1631 1.07166
1632 1.07428
1633 1.07092
1634 1.06988
1635 1.06987
1636 1.07228
1637 1.07459
1638 1.07301
1639 1.07383
1640 1.0744
1641 1.07482
1642 1.07732
1643 1.07751
1644 1.07674
1645 1.07774
1646 1.08364
1647 1.0828
1648 1.0839
1649 1.07881
1650 1.07436
1651 1.07828
1652 1.07554
1653 1.07341
1654 1.07304
1655 1.07236
1656 1.06865
1657 1.06891
1658 1.07023
1659 1.07034
1660 1.07389
1661 1.07269
1662 1.07504
1663 1.07095
1664 1.07376
1665 1.07181
1666 1.06996
1667 1.06909
1668 1.07061
1669 1.0707
1670 1.07168
1671 1.073
1672 1.07344
1673 1.0736
1674 1.07298
1675 1.07379
1676 1.07223
1677 1.07308
1678 1.07078
1679 1.07313
1680 1.0721
1681 1.07281
1682 1.07412
1683 1.07431
1684 1.06885
1685 1.06883
1686 1.06426
1687 1.06825
1688 1.06951
1689 1.06806
1690 1.06992
1691 1.06514
1692 1.06566
1693 1.06396
1694 1.06736
1695 1.06677
1696 1.06587
1697 1.06478
1698 1.06578
1699 1.06425
1700 1.06392
1701 1.06441
1702 1.06397
1703 1.06685
1704 1.06499
1705 1.06404
1706 1.06853
1707 1.06406
1708 1.06398
1709 1.06491
1710 1.07082
1711 1.07096
1712 1.07098
1713 1.06972
1714 1.07042
1715 1.07953
1716 1.07296
1717 1.07121
1718 1.07311
1719 1.07231
1720 1.07183
1721 1.07278
1722 1.07446
1723 1.07051
1724 1.07104
1725 1.07057
1726 1.07061
1727 1.07298
1728 1.07284
1729 1.06872
1730 1.06857
1731 1.0688
1732 1.06935
1733 1.07143
1734 1.06969
1735 1.06895
1736 1.06877
1737 1.0684
1738 1.06975
1739 1.06744
1740 1.06712
1741 1.0688
1742 1.06889
1743 1.069
1744 1.07018
1745 1.06841
1746 1.08205
1747 1.0858
1748 1.083
1749 1.08109
1750 1.08397
1751 1.08579
1752 1.08405
1753 1.08261
1754 1.0835
1755 1.08579
1756 1.09121
1757 1.09582
1758 1.09635
1759 1.09472
1760 1.09448
1761 1.09382
1762 1.09264
1763 1.09186
1764 1.08804
1765 1.09021
1766 1.09384
1767 1.09139
1768 1.09168
1769 1.0909
1770 1.08936
1771 1.09084
1772 1.0904
1773 1.0882
1774 1.08926
1775 1.08587
1776 1.08613
1777 1.08485
1778 1.08634
1779 1.085
1780 1.08518
1781 1.08509
1782 1.08609
1783 1.08954
1784 1.08717
1785 1.09063
1786 1.08761
1787 1.08556
1788 1.08596
1789 1.08369
1790 1.08511
1791 1.08717
1792 1.0889
1793 1.09192
1794 1.09346
1795 1.09476
1796 1.09503
1797 1.09549
1798 1.09437
1799 1.0973
1800 1.099
1801 1.10082
1802 1.10517
1803 1.10169
1804 1.10252
1805 1.10488
1806 1.10471
1807 1.10346
1808 1.10034
1809 1.10673
1810 1.10325
1811 1.10173
1812 1.10934
1813 1.11545
1814 1.12717
1815 1.13885
1816 1.14497
1817 1.13983
1818 1.15115
1819 1.14952
1820 1.14523
1821 1.14802
1822 1.14538
1823 1.133
1824 1.13313
1825 1.13736
1826 1.14504
1827 1.14125
1828 1.13642
1829 1.12873
1830 1.13432
1831 1.13658
1832 1.139
1833 1.14027
1834 1.13927
1835 1.14025
1836 1.14424
1837 1.14376
1838 1.14523
1839 1.14132
1840 1.14395
1841 1.14018
1842 1.13807
1843 1.14041
1844 1.14297
1845 1.13624
1846 1.14339
1847 1.14887
1848 1.14591
1849 1.14751
1850 1.1462
1851 1.14995
1852 1.15492
1853 1.1538
1854 1.15916
1855 1.15909
1856 1.14507
1857 1.14247
1858 1.14186
1859 1.14391
1860 1.14429
1861 1.14373
1862 1.14374
1863 1.14661
1864 1.14554
1865 1.14774
1866 1.15012
1867 1.15157
1868 1.15434
1869 1.15385
1870 1.15242
1871 1.15072
1872 1.1512
1873 1.1572
1874 1.1572
1875 1.16005
1876 1.15739
1877 1.16513
1878 1.16904
1879 1.1629
1880 1.15718
1881 1.15874
1882 1.16194
1883 1.16544
1884 1.16514
1885 1.16117
1886 1.15804
1887 1.1586
1888 1.1597
1889 1.15735
1890 1.16164
1891 1.16219
1892 1.16709
1893 1.16522
1894 1.16978
1895 1.16592
1896 1.16524
1897 1.16379
1898 1.1607
1899 1.16329
1900 1.1685
1901 1.16946
1902 1.16569
1903 1.1668
1904 1.1709
1905 1.16099
1906 1.16843
1907 1.16788
1908 1.16801
1909 1.1708
1910 1.16822
1911 1.16775
1912 1.16444
1913 1.16558
1914 1.1643
1915 1.16436
1916 1.16164
1917 1.16611
1918 1.1719
1919 1.17355
1920 1.17268
1921 1.17383
1922 1.17383
1923 1.16907
1924 1.16913
1925 1.17188
1926 1.17374
1927 1.17629
1928 1.17419
1929 1.16943
1930 1.17363
1931 1.16914
1932 1.17434
1933 1.17986
1934 1.1814
1935 1.17638
1936 1.17593
1937 1.17363
1938 1.17731
1939 1.17957
1940 1.17783
1941 1.17299
1942 1.16736
1943 1.15956
1944 1.1612
1945 1.15885
1946 1.15575
1947 1.15911
1948 1.16029
1949 1.15895
1950 1.15927
1951 1.15757
1952 1.14612
1953 1.1505
1954 1.15399
1955 1.15599
1956 1.1582
1957 1.15246
1958 1.15097
1959 1.15288
1960 1.15458
1961 1.15337
1962 1.15024
1963 1.1517
1964 1.15521
1965 1.14877
1966 1.15227
1967 1.15574
1968 1.15586
1969 1.15978
1970 1.16701
1971 1.17069
1972 1.17094
1973 1.17043
1974 1.16892
1975 1.16954
1976 1.16868
1977 1.17089
1978 1.17061
1979 1.173
1980 1.17076
1981 1.1715
1982 1.16779
1983 1.17013
1984 1.17694
1985 1.17418
1986 1.17746
1987 1.17633
1988 1.17599
1989 1.17522
1990 1.17633
1991 1.17979
1992 1.17939
1993 1.17808
1994 1.17805
1995 1.1824
1996 1.18456
1997 1.18644
1998 1.18612
1999 1.1881
2000 1.19516
2001 1.19873
2002 1.19916
2003 1.19808
2004 1.19426
2005 1.19734
2006 1.19575
2007 1.19744
2008 1.19839
2009 1.19669
2010 1.19552
2011 1.19434
2012 1.19622
2013 1.19656
2014 1.19557
2015 1.18878
2016 1.19143
2017 1.19489
2018 1.19469
2019 1.19318
2020 1.18579
2021 1.1822
2022 1.18147
2023 1.17423
2024 1.17588
2025 1.16926
2026 1.16492
2027 1.16188
2028 1.15385
2029 1.15497
2030 1.14342
2031 1.15409
2032 1.15307
2033 1.15179
2034 1.15583
2035 1.15386
2036 1.16182
2037 1.1566
2038 1.15962
2039 1.16132
2040 1.15912
2041 1.16234
2042 1.15382
2043 1.15813
2044 1.15655
2045 1.15238
2046 1.15329
2047 1.15096
2048 1.15145
2049 1.15516
2050 1.15418
2051 1.15214
2052 1.15412
2053 1.1571
2054 1.15619
2055 1.15721
2056 1.15719
2057 1.16163
2058 1.16295
2059 1.16522
2060 1.16521
2061 1.16278
2062 1.16997
2063 1.17055
2064 1.16744
2065 1.16634
2066 1.16284
2067 1.16328
2068 1.16342
2069 1.16059
2070 1.16089
2071 1.16314
2072 1.15749
2073 1.15958
2074 1.15683
2075 1.15803
2076 1.15688
2077 1.1535
2078 1.15029
2079 1.15119
2080 1.15476
2081 1.15317
2082 1.14556
2083 1.13577
2084 1.13294
2085 1.1278
2086 1.12742
2087 1.13904
2088 1.13825
2089 1.13939
2090 1.14003
2091 1.13836
2092 1.14286
2093 1.14406
2094 1.14173
2095 1.13625
2096 1.131
2097 1.12469
2098 1.12603
2099 1.12853
2100 1.13028
2101 1.12205
2102 1.11996
2103 1.13036
2104 1.12834
2105 1.12838
2106 1.12855
2107 1.12428
2108 1.12417
2109 1.12538
2110 1.12915
2111 1.1296
2112 1.12635
2113 1.13338
2114 1.13551
2115 1.13367
2116 1.13759
2117 1.13919
2118 1.13904
2119 1.13622
2120 1.13893
2121 1.14196
2122 1.14305
2123 1.14044
2124 1.13983
2125 1.14038
2126 1.1471
2127 1.14614
2128 1.14285
2129 1.14665
2130 1.14455
2131 1.1405
2132 1.14706
2133 1.14193
2134 1.14117
2135 1.13676
2136 1.13693
2137 1.13707
2138 1.13977
2139 1.14061
2140 1.14123
2141 1.14338
2142 1.14296
2143 1.14599
2144 1.14519
2145 1.14565
2146 1.14309
2147 1.14023
2148 1.13503
2149 1.13724
2150 1.13805
2151 1.14082
2152 1.1413
2153 1.13813
2154 1.13139
2155 1.13246
2156 1.13435
2157 1.1302
2158 1.13198
2159 1.12793
2160 1.12959
2161 1.13477
2162 1.131
2163 1.13268
2164 1.13145
2165 1.13181
2166 1.13031
2167 1.12898
2168 1.12386
2169 1.12427
2170 1.12916
2171 1.12914
2172 1.12803
2173 1.12624
2174 1.12787
2175 1.13191
2176 1.13106
2177 1.1304
2178 1.12557
2179 1.12495
2180 1.13021
2181 1.12946
2182 1.12594
2183 1.12614
2184 1.12542
2185 1.12349
2186 1.12624
2187 1.12478
2188 1.12432
2189 1.12288
2190 1.12453
2191 1.13203
2192 1.12779
2193 1.12524
2194 1.1272
2195 1.12854
2196 1.13175
2197 1.13151
2198 1.13368
2199 1.13287
2200 1.13239
2201 1.12693
2202 1.13307
2203 1.1335
2204 1.13763
2205 1.14129
2206 1.13828
2207 1.14059
2208 1.14119
2209 1.14105
2210 1.13903
2211 1.13697
2212 1.13241
2213 1.13264
2214 1.13996
2215 1.13699
2216 1.13532
2217 1.13554
2218 1.13622
2219 1.13532
2220 1.13491
2221 1.13503
2222 1.13376
2223 1.13649
2224 1.13882
2225 1.13844
2226 1.13523
2227 1.1356
2228 1.13272
2229 1.13568
2230 1.13637
2231 1.13148
2232 1.13224
2233 1.13652
2234 1.13735
2235 1.13701
2236 1.13478
2237 1.13493
2238 1.13515
2239 1.1341
2240 1.13284
2241 1.12857
2242 1.12268
2243 1.12259
2244 1.12062
2245 1.11886
2246 1.11775
2247 1.11654
2248 1.12016
2249 1.11828
2250 1.12131
2251 1.1221
2252 1.12175
2253 1.12477
2254 1.12615
2255 1.13014
2256 1.12919
2257 1.13295
2258 1.13519
2259 1.13678
2260 1.1421
2261 1.14062
2262 1.14059
2263 1.14346
2264 1.14518
2265 1.13803
2266 1.13622
2267 1.13674
2268 1.14053
2269 1.14279
2270 1.13927
2271 1.13897
2272 1.13854
2273 1.13993
2274 1.14068
2275 1.14214
2276 1.13814
2277 1.13651
2278 1.13064
2279 1.13014
2280 1.12992
2281 1.12856
2282 1.12821
2283 1.12617
2284 1.12854
2285 1.12593
2286 1.12181
2287 1.12252
2288 1.1235
2289 1.12462
2290 1.12221
2291 1.12168
2292 1.11804
2293 1.1158
2294 1.11626
2295 1.11614
2296 1.11788
2297 1.11946
2298 1.11981
2299 1.12378
2300 1.12376
2301 1.12099
2302 1.11983
2303 1.12072
2304 1.11955
2305 1.11612
2306 1.10837
2307 1.1099
2308 1.10806
2309 1.10926
2310 1.11175
2311 1.11024
2312 1.11025
2313 1.11459
2314 1.11316
2315 1.11246
2316 1.11153
2317 1.11336
2318 1.11468
2319 1.1137
2320 1.11331
2321 1.11446
2322 1.10914
2323 1.10836
2324 1.10731
2325 1.10826
2326 1.10662
2327 1.10154
2328 1.10075
2329 1.09879
2330 1.09697
2331 1.10455
2332 1.10546
2333 1.10519
2334 1.10467
2335 1.10091
2336 1.09777
2337 1.09114
2338 1.0906
2339 1.09357
2340 1.09236
2341 1.08975
2342 1.08948
2343 1.0869
2344 1.09105
2345 1.08412
2346 1.08481
2347 1.08508
2348 1.08748
2349 1.08556
2350 1.08908
2351 1.08995
2352 1.08612
2353 1.0865
2354 1.08836
2355 1.08739
2356 1.09085
2357 1.08783
2358 1.08678
2359 1.08292
2360 1.08251
2361 1.088
2362 1.08902
2363 1.096
2364 1.09551
2365 1.09316
2366 1.09572
2367 1.09656
2368 1.09225
2369 1.09954
2370 1.10016
2371 1.09623
2372 1.09197
2373 1.08813
2374 1.0862
2375 1.08587
2376 1.08523
2377 1.0842
2378 1.08758
2379 1.08591
2380 1.09259
2381 1.09528
2382 1.09294
2383 1.0914
2384 1.08803
2385 1.09267
2386 1.097
2387 1.10043
2388 1.09963
2389 1.10196
2390 1.10173
2391 1.09912
2392 1.09962
2393 1.09923
2394 1.10092
2395 1.10279
2396 1.1018
2397 1.10196
2398 1.10401
2399 1.10451
2400 1.10339
2401 1.10005
2402 1.10058
2403 1.09957
2404 1.09949
2405 1.09846
2406 1.09903
2407 1.09961
2408 1.09591
2409 1.09314
2410 1.08889
2411 1.08963
2412 1.0941
2413 1.09476
2414 1.09731
2415 1.0971
2416 1.09827
2417 1.09938
2418 1.09776
2419 1.09918
2420 1.09944
2421 1.09941
2422 1.10197
2423 1.09826
2424 1.09388
2425 1.09531
2426 1.09621
2427 1.09534
2428 1.09287
2429 1.09211
2430 1.09395
2431 1.09603
2432 1.09433
2433 1.09483
2434 1.09277
2435 1.08962
2436 1.08816
2437 1.0886
2438 1.08926
2439 1.08698
2440 1.08892
2441 1.08934
2442 1.08565
2443 1.08501
2444 1.08532
2445 1.08532
2446 1.08372
2447 1.08214
2448 1.08146
2449 1.08095
2450 1.08183
2451 1.08101
2452 1.07657
2453 1.07498
2454 1.07472
2455 1.07346
2456 1.07434
2457 1.07349
2458 1.0737
2459 1.07145
2460 1.07079
2461 1.06842
2462 1.07256
2463 1.07163
2464 1.06943
2465 1.06895
2466 1.06866
2467 1.07061
2468 1.0707
2469 1.07032
2470 1.07009
2471 1.06654
2472 1.06519
2473 1.06366
2474 1.06177
2475 1.06385
2476 1.06279
2477 1.06101
2478 1.06334
2479 1.06139
2480 1.0612
2481 1.06262
2482 1.06208
2483 1.06281
2484 1.06447
2485 1.06456
2486 1.06804
2487 1.06858
2488 1.06573
2489 1.06231
2490 1.05846
2491 1.05855
2492 1.06033
2493 1.05733
2494 1.05585
2495 1.0571
2496 1.0589
2497 1.05706
2498 1.05683
2499 1.05433
2500 1.05407
2501 1.05635
2502 1.0589
2503 1.06335
2504 1.06287
2505 1.05984
2506 1.05887
2507 1.06068
2508 1.05867
2509 1.05719
2510 1.05585
2511 1.0563
2512 1.05608
2513 1.05529
2514 1.05596
2515 1.05645
2516 1.05556
2517 1.05467
2518 1.05244
2519 1.05176
2520 1.05147
2521 1.0515
2522 1.05272
2523 1.05157
2524 1.05172
2525 1.05323
2526 1.0563
2527 1.05489
2528 1.0591
2529 1.05757
2530 1.05555
2531 1.05277
2532 1.05424
2533 1.05242
2534 1.05424
2535 1.05232
2536 1.05162
2537 1.0516
2538 1.05182
2539 1.05133
2540 1.0512
2541 1.05997
2542 1.06128
2543 1.05925
2544 1.06265
2545 1.0589
2546 1.05879
2547 1.06042
2548 1.06582
2549 1.06801
2550 1.06762
2551 1.06981
2552 1.07492
2553 1.07972
2554 1.08326
2555 1.08661
2556 1.08157
2557 1.07803
2558 1.07366
2559 1.06683
2560 1.07201
2561 1.0747
2562 1.0715
2563 1.06664
2564 1.0661
2565 1.06452
2566 1.06719
2567 1.06848
2568 1.0665
2569 1.06397
2570 1.06357
2571 1.0694
2572 1.06413
2573 1.06417
2574 1.06245
2575 1.06317
2576 1.0656
2577 1.06257
2578 1.06314
2579 1.06083
2580 1.06355
2581 1.06818
2582 1.07161
2583 1.07763
2584 1.07668
2585 1.07264
2586 1.07481
2587 1.07567
2588 1.07557
2589 1.07308
2590 1.07298
2591 1.08103
2592 1.07547
2593 1.0761
2594 1.07688
2595 1.07585
2596 1.07949
2597 1.07793
2598 1.07781
2599 1.08059
2600 1.07548
2601 1.07469
2602 1.07641
2603 1.07485
2604 1.07473
2605 1.07661
2606 1.07626
2607 1.07832
2608 1.08328
2609 1.07658
2610 1.0754
2611 1.07493
2612 1.07432
2613 1.07453
2614 1.07469
2615 1.07641
2616 1.07878
2617 1.0832
2618 1.07961
2619 1.07787
2620 1.08145
2621 1.08224
2622 1.08071
2623 1.07691
2624 1.07584
2625 1.07671
2626 1.07773
2627 1.07582
2628 1.07465
2629 1.07641
2630 1.0793
2631 1.0765
2632 1.07693
2633 1.07727
2634 1.0814
2635 1.08002
2636 1.07821
2637 1.07959
2638 1.07936
2639 1.07896
2640 1.07836
2641 1.07845
2642 1.07706
2643 1.07905
2644 1.0785
2645 1.07692
2646 1.07407
2647 1.0746
2648 1.07294
2649 1.07047
2650 1.07182
2651 1.07126
2652 1.07246
2653 1.07374
2654 1.07221
2655 1.07266
2656 1.0721
2657 1.07193
2658 1.06947
2659 1.06911
2660 1.06803
2661 1.06985
2662 1.06823
2663 1.06917
2664 1.0697
2665 1.06923
2666 1.07943
2667 1.08192
2668 1.07997
2669 1.08036
2670 1.0802
2671 1.08146
2672 1.0813
2673 1.07998
2674 1.08136
2675 1.08024
2676 1.08026
2677 1.08378
2678 1.08232
2679 1.07964
2680 1.08236
2681 1.08392
2682 1.08601
2683 1.08421
2684 1.08207
2685 1.08139
2686 1.07922
2687 1.07648
2688 1.07462
2689 1.07565
2690 1.07804
2691 1.07648
2692 1.07614
2693 1.08002
2694 1.08494
2695 1.08248
2696 1.08432
2697 1.08208
2698 1.08269
2699 1.08618
2700 1.08448
2701 1.08554
2702 1.08286
2703 1.08409
2704 1.08093
2705 1.07989
2706 1.07973
2707 1.08006
2708 1.08296
2709 1.0861
2710 1.08169
2711 1.08168
2712 1.08217
2713 1.07923
2714 1.07921
2715 1.07663
2716 1.076
2717 1.07774
2718 1.07693
2719 1.07707
2720 1.0776
2721 1.07894
2722 1.07844
2723 1.07622
2724 1.07695
2725 1.08097
2726 1.08124
2727 1.08078
2728 1.08193
2729 1.08163
2730 1.08311
2731 1.08278
2732 1.08129
2733 1.07903
2734 1.07972
2735 1.08093
2736 1.07985
2737 1.0804
2738 1.08239
2739 1.08329
2740 1.0863
2741 1.08934
2742 1.1001
2743 1.10338
2744 1.10162
2745 1.0969
2746 1.1026
2747 1.10574
2748 1.10957
2749 1.11187
2750 1.1084
2751 1.10942
2752 1.1041
2753 1.1089
2754 1.10793
2755 1.11125
2756 1.10631
2757 1.10044
2758 1.10526
2759 1.105
2760 1.10626
2761 1.1018
2762 1.10666
2763 1.10521
2764 1.10604
2765 1.10755
2766 1.10516
2767 1.10382
2768 1.10682
2769 1.1092
2770 1.10886
2771 1.10602
2772 1.10546
2773 1.10359
2774 1.10135
2775 1.10013
2776 1.09852
2777 1.10011
2778 1.10559
2779 1.10375
2780 1.10235
2781 1.10172
2782 1.10216
2783 1.1036
2784 1.10179
2785 1.10532
2786 1.10512
2787 1.10478
2788 1.10273
2789 1.10133
2790 1.09746
2791 1.0989
2792 1.09756
2793 1.09609
2794 1.09479
2795 1.09531
2796 1.09311
2797 1.09774
2798 1.09742
2799 1.0941
2800 1.09501
2801 1.09762
2802 1.0974
2803 1.10028
2804 1.09731
2805 1.09375
2806 1.09567
2807 1.09681
2808 1.09487
2809 1.09371
2810 1.09718
2811 1.09894
2812 1.09607
2813 1.0965
2814 1.09574
2815 1.09394
2816 1.09406
2817 1.09174
2818 1.09114
2819 1.08917
2820 1.08727
2821 1.09025
2822 1.08929
2823 1.09007
2824 1.09274
2825 1.09448
2826 1.09401
2827 1.09644
2828 1.09512
2829 1.09526
2830 1.09459
2831 1.09688
2832 1.09591
2833 1.09665
2834 1.0967
2835 1.09241
2836 1.09433
2837 1.09314
2838 1.09149
2839 1.08393
2840 1.08537
2841 1.08536
2842 1.08191
2843 1.08235
2844 1.08395
2845 1.08558
2846 1.0831
2847 1.08546
2848 1.08239
2849 1.08179
2850 1.08258
2851 1.08094
2852 1.08058
2853 1.07775
2854 1.07719
2855 1.07444
2856 1.07455
2857 1.07267
2858 1.07308
2859 1.07296
2860 1.07629
2861 1.08043
2862 1.08164
2863 1.08218
2864 1.08324
2865 1.07951
2866 1.07461
2867 1.07117
2868 1.07373
2869 1.07263
2870 1.0728
2871 1.07168
2872 1.07334
2873 1.07569
2874 1.07872
2875 1.07468
2876 1.08202
2877 1.08079
2878 1.08413
2879 1.08578
2880 1.08567
2881 1.08632
2882 1.08895
2883 1.08953
2884 1.08386
2885 1.08433
2886 1.08924
2887 1.08663
2888 1.08685
2889 1.09197
2890 1.09308
2891 1.08807
2892 1.08295
2893 1.08285
2894 1.08536
2895 1.08351
2896 1.08277
2897 1.08583
2898 1.08385
2899 1.0785
2900 1.07891
2901 1.07434
2902 1.07648
2903 1.07179
2904 1.07326
2905 1.0734
2906 1.0718
2907 1.07316
2908 1.07139
2909 1.07117
2910 1.07074
2911 1.07268
2912 1.07374
2913 1.07059
2914 1.06743
2915 1.0668
2916 1.06664
2917 1.0653
2918 1.06545
2919 1.05891
2920 1.05526
2921 1.05912
2922 1.05884
2923 1.05438
2924 1.05527
2925 1.05862
2926 1.05636
2927 1.05426
2928 1.05482
2929 1.05381
2930 1.05134
2931 1.05305
2932 1.05066
2933 1.05239
2934 1.04843
2935 1.04843
2936 1.05001
2937 1.04626
2938 1.0489
2939 1.0448
2940 1.04182
2941 1.0412
2942 1.04158
2943 1.04041
2944 1.03817
2945 1.04417
2946 1.04196
2947 1.04419
2948 1.04324
2949 1.04215
2950 1.04101
2951 1.04042
2952 1.04379
2953 1.04153
2954 1.03882
2955 1.0395
2956 1.04225
2957 1.0419
2958 1.0404
2959 1.04056
2960 1.0392
2961 1.03753
2962 1.03804
2963 1.03488
2964 1.0378
2965 1.03777
2966 1.0339
2967 1.0382
2968 1.04071
2969 1.04318
2970 1.05028
2971 1.04986
2972 1.04622
2973 1.04364
2974 1.0429
2975 1.04288
2976 1.03856
2977 1.03881
2978 1.03776
2979 1.03457
2980 1.03503
2981 1.03791
2982 1.03886
2983 1.03799
2984 1.04121
2985 1.03833
2986 1.03894
2987 1.0526
2988 1.05997
2989 1.05664
2990 1.05619
2991 1.05572
2992 1.05747
2993 1.04938
2994 1.04547
2995 1.05103
2996 1.04891
2997 1.04555
2998 1.04333
2999 1.03574
3000 1.04391
3001 1.03811
3002 1.03584
3003 1.04316
3004 1.02875
3005 1.02199
3006 1.02357
3007 1.01506
3008 1.0031
3009 1.00443
3010 1.01254
3011 1.02626
3012 1.02224
3013 1.02013
3014 1.02693
3015 1.03108
3016 1.03797
3017 1.03928
3018 1.02981
3019 1.02855
3020 1.0289
3021 1.02427
3022 1.02306
3023 1.02197
3024 1.02672
3025 1.03206
3026 1.03031
3027 1.02131
3028 1.02272
3029 1.0166
3030 1.01363
3031 1.01691
3032 1.0163
3033 1.016
3034 1.01348
3035 1.00996
3036 1.01812
3037 1.0205
3038 1.01985
3039 1.01873
3040 1.02733
3041 1.02953
3042 1.0328
3043 1.03323
3044 1.02778
3045 1.02394
3046 1.02319
3047 1.02045
3048 1.02648
3049 1.02741
3050 1.02979
3051 1.03279
3052 1.0381
3053 1.04256
3054 1.04962
3055 1.04866
3056 1.04505
3057 1.04128
3058 1.0431
3059 1.04544
3060 1.04851
3061 1.03432
3062 1.02982
3063 1.02887
3064 1.03229
3065 1.03141
3066 1.02757
3067 1.02892
3068 1.02766
3069 1.03205
3070 1.02987
3071 1.02609
3072 1.02949
3073 1.0319
3074 1.0382
3075 1.04135
3076 1.04874
3077 1.04085
3078 1.03969
3079 1.03781
3080 1.04334
3081 1.03861
3082 1.02005
3083 1.01777
3084 1.01705
3085 1.01797
3086 1.0158
3087 1.01171
3088 1.01179
3089 1.01202
3090 1.00748
3091 0.996912
3092 1.0011
3093 1.00064
3094 1.00202
3095 0.994226
3096 0.988586
3097 0.989842
3098 0.994777
3099 0.987145
3100 0.985321
3101 0.984527
3102 0.985837
3103 0.984711
3104 0.991524
3105 0.990717
3106 0.988921
3107 0.988942
3108 0.98212
3109 0.985848
3110 0.974407
3111 0.978774
3112 0.973562
3113 0.972918
3114 0.974595
3115 0.973242
3116 0.976619
3117 0.97857
3118 0.979135
3119 0.973845
3120 0.974168
3121 0.97083
3122 0.971602
3123 0.965649
3124 0.961434
3125 0.965533
3126 0.968497
3127 0.965293
3128 0.96296
3129 0.958866
3130 0.961157
3131 0.963965
3132 0.960815
3133 0.962575
3134 0.968046
3135 0.976029
3136 0.98322
3137 0.976547
3138 0.976544
3139 0.972812
3140 0.975057
3141 0.977103
3142 0.970242
3143 0.965217
3144 0.965476
3145 0.958794
3146 0.960269
3147 0.961381
3148 0.966069
3149 0.966699
3150 0.961237
3151 0.950833
3152 0.961067
3153 0.951046
3154 0.954539
3155 0.95179
3156 0.95037
3157 0.957326
3158 0.967712
3159 0.974994
3160 0.978185
3161 0.972279
3162 0.969829
3163 0.969095
3164 0.970276
3165 0.967459
3166 0.967993
3167 0.979084
3168 0.977844
3169 0.980335
3170 0.980063
3171 0.981804
3172 0.981728
3173 0.9839
3174 0.98809
3175 0.991357
3176 0.994532
3177 0.987173
3178 0.992614
3179 0.990157
3180 0.987558
3181 0.984731
3182 0.988211
3183 0.990193
3184 0.990436
3185 0.993087
3186 0.985142
3187 0.983533
3188 0.974662
3189 0.974104
3190 0.977595
3191 0.982031
3192 0.986933
3193 0.985542
3194 0.982139
3195 0.980838
3196 0.97984
3197 0.982114
3198 0.983509
3199 0.98125
3200 0.985407
3201 0.983976
3202 0.986301
3203 0.98763
3204 0.98901
3205 0.985831
3206 0.988639
3207 0.988215
3208 0.98443
3209 0.986043
3210 0.987385
3211 0.987697
3212 0.986884
3213 0.988855
3214 0.984947
3215 0.983834
3216 0.982696
3217 0.986613
3218 0.991354
3219 0.991415
3220 0.988715
3221 0.986412
3222 0.984334
3223 0.990353
3224 0.986763
3225 0.987294
3226 0.986081
3227 0.985198
3228 0.987768
3229 0.988739
3230 0.990653
3231 1.00186
3232 1.00675
3233 1.00363
3234 1.00252
3235 0.99482
3236 0.989282
3237 0.992508
3238 0.99896
3239 1.00223
3240 1.00398
3241 1.002
3242 1.00243
3243 1.00117
3244 1.0038
3245 0.995121
3246 0.998277
3247 0.996314
3248 0.999933
3249 0.995701
3250 0.989162
3251 0.986657
3252 0.990695
3253 0.986262
3254 0.986165
3255 0.989561
3256 0.987243
3257 0.988087
3258 0.988535
3259 0.986241
3260 0.988008
3261 0.987485
3262 0.989814
3263 0.992236
3264 0.992884
3265 0.996512
3266 1.00242
3267 0.998566
3268 0.995477
3269 0.993986
3270 0.993968
3271 0.992919
3272 0.986859
3273 0.978229
3274 0.978635
3275 0.981132
3276 0.987183
3277 0.986017
3278 0.987945
3279 0.996283
3280 0.993393
3281 0.996015
3282 0.992723
3283 0.9898
3284 0.988645
3285 0.997492
3286 0.996049
3287 0.99562
3288 0.992114
3289 0.994766
3290 0.99253
3291 0.989121
3292 0.987985
3293 0.987702
3294 0.987809
3295 0.985524
3296 0.98523
3297 0.982715
3298 0.982667
3299 0.982158
3300 0.983407
3301 0.983356
3302 0.979096
3303 0.980557
3304 0.980581
3305 0.978619
3306 0.984017
3307 0.986599
3308 0.986019
3309 0.983068
3310 0.982894
3311 0.977124
3312 0.975549
3313 0.981671
3314 0.978964
3315 0.976667
3316 0.97721
3317 0.976127
3318 0.974765
3319 0.973965
3320 0.97397
3321 0.974029
3322 0.974852
3323 0.973502
3324 0.970898
3325 0.970628
3326 0.972976
3327 0.97127
3328 0.971037
3329 0.968549
3330 0.972322
3331 0.973549
3332 0.974441
3333 0.973234
3334 0.970734
3335 0.970476
3336 0.973742
3337 0.969293
3338 0.970974
3339 0.977059
3340 0.977055
3341 0.976152
3342 0.976206
3343 0.978096
3344 0.978396
3345 0.980282
3346 0.981374
3347 0.980441
3348 0.977219
3349 0.976931
3350 0.979599
3351 0.978879
3352 0.977087
3353 0.977061
3354 0.978202
3355 0.975953
3356 0.975525
3357 0.974879
3358 0.974633
3359 0.974058
3360 0.968294
3361 0.965393
3362 0.964081
3363 0.967733
3364 0.966964
3365 0.963041
3366 0.961677
3367 0.964651
3368 0.960424
3369 0.962162
3370 0.955125
3371 0.954213
3372 0.954041
3373 0.945048
3374 0.958856
3375 0.961498
3376 0.959895
3377 0.957093
3378 0.960844
3379 0.960073
3380 0.959592
3381 0.962777
3382 0.962847
3383 0.959822
3384 0.958034
3385 0.958094
3386 0.957331
3387 0.955191
3388 0.959392
3389 0.957233
3390 0.954934
3391 0.953749
3392 0.956179
3393 0.954715
3394 0.956234
3395 0.955676
3396 0.959566
3397 0.957959
3398 0.954412
3399 0.954977
3400 0.953705
3401 0.955926
3402 0.95495
3403 0.955681
3404 0.957739
3405 0.95859
3406 0.958983
3407 0.953274
3408 0.957081
3409 0.959143
3410 0.958788
3411 0.958025
3412 0.964227
3413 0.965433
3414 0.966184
3415 0.9682
3416 0.967589
3417 0.966725
3418 0.967646
3419 0.961901
3420 0.963554
3421 0.963387
3422 0.962431
3423 0.963213
3424 0.958004
3425 0.959341
3426 0.957891
3427 0.956442
3428 0.948215
3429 0.950548
3430 0.952191
3431 0.947131
3432 0.943398
3433 0.945429
3434 0.95088
3435 0.945926
3436 0.947566
3437 0.949338
3438 0.953597
3439 0.957482
3440 0.962821
3441 0.959581
3442 0.962241
3443 0.964835
3444 0.96395
3445 0.963408
3446 0.963028
3447 0.963363
3448 0.963757
3449 0.96464
3450 0.967322
3451 0.963225
3452 0.96448
3453 0.966526
3454 0.96829
3455 0.964074
3456 0.962343
3457 0.964296
3458 0.965983
3459 0.964278
3460 0.965315
3461 0.959228
3462 0.953036
3463 0.945928
3464 0.945802
3465 0.944737
3466 0.941706
3467 0.94468
3468 0.947203
3469 0.945719
3470 0.944737
3471 0.947882
3472 0.953805
3473 0.949296
3474 0.947415
3475 0.945331
3476 0.944052
3477 0.942781
3478 0.942587
3479 0.941218
3480 0.942696
3481 0.935999
3482 0.934703
3483 0.928883
3484 0.928553
3485 0.930442
3486 0.927427
3487 0.930558
3488 0.930328
3489 0.928493
3490 0.932003
3491 0.933731
3492 0.934832
3493 0.933657
3494 0.937086
3495 0.937017
3496 0.940801
3497 0.944222
3498 0.946003
3499 0.945861
3500 0.944639
3501 0.939167
3502 0.940517
3503 0.937675
3504 0.933195
3505 0.934639
3506 0.9318
3507 0.932357
3508 0.935253
3509 0.935313
3510 0.935412
3511 0.941551
3512 0.941676
3513 0.944936
3514 0.943322
3515 0.949933
3516 0.950351
3517 0.947872
3518 0.949341
3519 0.951079
3520 0.95307
3521 0.95164
3522 0.952989
3523 0.95357
3524 0.955032
3525 0.952886
3526 0.952442
3527 0.955911
3528 0.957421
3529 0.960662
3530 0.959125
3531 0.961401
3532 0.960906
3533 0.960066
3534 0.958765
3535 0.958473
3536 0.96219
3537 0.961761
3538 0.962027
3539 0.965299
3540 0.965091
3541 0.968684
3542 0.974667
3543 0.969962
3544 0.974734
3545 0.979119
3546 0.978628
3547 0.972714
3548 0.973331
3549 0.971636
3550 0.977923
3551 0.978384
3552 0.976854
3553 0.977492
3554 0.983247
3555 0.980957
3556 0.980608
3557 0.976115
3558 0.972987
3559 0.968566
3560 0.969545
3561 0.972097
3562 0.971053
3563 0.970334
3564 0.971996
3565 0.975965
3566 0.979076
3567 0.978662
3568 0.977899
3569 0.976028
3570 0.980766
3571 0.980922
3572 0.976727
3573 0.974892
3574 0.976043
3575 0.976917
3576 0.975936
3577 0.976873
3578 0.976288
3579 0.979957
3580 0.980764
3581 0.981969
3582 0.984754
3583 0.988681
3584 0.98862
3585 0.988738
3586 0.991125
3587 0.988854
3588 0.992131
3589 0.99222
3590 0.990711
3591 0.986364
3592 0.978657
3593 0.978942
3594 0.976783
3595 0.968454
3596 0.971091
3597 0.968489
3598 0.968941
3599 0.965136
3600 0.964198
3601 0.966891
3602 0.959942
3603 0.952416
3604 0.954864
3605 0.949681
3606 0.950297
3607 0.953926
3608 0.955892
3609 0.958371
3610 0.958453
3611 0.958537
3612 0.961888
3613 0.962771
3614 0.969629
3615 0.971385
3616 0.972553
3617 0.973231
3618 0.970681
3619 0.971946
3620 0.970685
3621 0.97446
3622 0.974511
3623 0.975489
3624 0.975991
3625 0.973903
3626 0.966423
3627 0.967403
3628 0.967479
3629 0.96889
3630 0.96742
3631 0.959498
3632 0.956256
3633 0.959375
3634 0.958813
3635 0.954671
3636 0.95052
3637 0.942131
3638 0.935433
3639 0.933494
3640 0.930774
3641 0.941147
3642 0.946241
3643 0.945714
3644 0.945955
